365
762
119
246
372
478
233
465
227
437
532
568
853
153
661
224
619
239
931
817
483
723
884
416
429
111
163
647
141
248
932
934
794
962
896
588
185
593
278
199
528
346
331
155
463
481
945
293
652
252
952
147
675
781
688
373
357
986
666
372
996
926
686
946
971
417
911
623
518
941
987
459
521
776
885
823
178
759
178
557
846
121
919
732
534
142
214
781
231
795
189
186
714
754
239
855
671
773
132
373
153
746
182
332
747
984
245
333
112
125
344
693
576
689
422
686
482
492
797
767
536
483
348
784
548
588
911
955
388
175
218
176
951
835
285
577
718
588
458
731
695
125
244
751
313
355
588
328
237
478
